pooltable 0.0 0.0   0.0 1.0 PLANE  0.0  false 0.0 1.0 0.0 0.0 0.0
poolsides 0.0 0.0   0.0 1.0 PLANE  0.0  false 1.0 1.0 0.0 0.0 0.0
ball    -11.0 0.26  1.0 1.0 SPHERE 0.26 true  1.0 1.0 1.0 0.0 0.471

ball      3.0 0.26  0.0 1.0 SPHERE 0.26 true  0.85 0.65 0.65 0.0 0.3826

ball      8.0 0.26  2.0 1.0 SPHERE 0.26 true  1.0 0.0 0.0 0.0 0.3826
ball      8.0 0.26  1.0 1.0 SPHERE 0.26 true  1.0 0.0 0.0 0.0 0.3826
ball      8.0 0.26  0.0 1.0 SPHERE 0.26 true  1.0 0.0 0.0 0.0 0.3826
ball      8.0 0.26 -1.0 1.0 SPHERE 0.26 true  1.0 0.0 0.0 0.0 0.3826
ball      8.0 0.26 -2.0 1.0 SPHERE 0.26 true  1.0 0.0 0.0 0.0 0.3826
ball      7.0 0.26  1.5 1.0 SPHERE 0.26 true  1.0 0.0 0.0 0.0 0.3826
ball      7.0 0.26  0.5 1.0 SPHERE 0.26 true  1.0 0.0 0.0 0.0 0.3826
ball      7.0 0.26 -0.5 1.0 SPHERE 0.26 true  1.0 0.0 0.0 0.0 0.3826
ball      7.0 0.26 -1.5 1.0 SPHERE 0.26 true  1.0 0.0 0.0 0.0 0.3826
ball      6.0 0.26 -1.0 1.0 SPHERE 0.26 true  1.0 0.0 0.0 0.0 0.3826
ball      6.0 0.26 -0.0 1.0 SPHERE 0.26 true  1.0 0.0 0.0 0.0 0.3826
ball      6.0 0.26  1.0 1.0 SPHERE 0.26 true  1.0 0.0 0.0 0.0 0.3826
ball      5.0 0.26  0.5 1.0 SPHERE 0.26 true  1.0 0.0 0.0 0.0 0.3826
ball      5.0 0.26 -0.5 1.0 SPHERE 0.26 true  1.0 0.0 0.0 0.0 0.3826
ball      4.0 0.26  0.0 1.0 SPHERE 0.26 true  1.0 0.0 0.0 0.0 0.3826

ball    -10.0 0.26 -2.0 1.0 SPHERE 0.26 true  0.0 1.0 0.0 0.0 0.3826
ball    -10.0 0.26  0.0 1.0 SPHERE 0.26 true  0.5 0.5 0.0 0.0 0.3826
ball    -10.0 0.26  2.0 1.0 SPHERE 0.26 true  1.0 1.0 0.0 0.0 0.3826

ball      0.0 0.26  0.0 1.0 SPHERE 0.26 true  0.0 0.0 1.0 0.0 0.3826
ball     10.0 0.26  0.0 1.0 SPHERE 0.26 true  0.0 0.0 0.0 0.0 0.3826




